
PULSEBLASTER; 0
  Channel;  Enabled
        0;        1
        1;        1
        2;        1
        3;        1
        4;        1
        5;        1
        6;        1
        7;        1
        8;        1
        9;        1
       10;        1
       11;        1
       12;        1
       13;        1
       14;        1
       15;        1
       16;        1
       17;        1
       18;        1
       19;        1
       20;        1
       21;        1
       22;        1
       23;        1

PULSEBLASTER; 1
  Channel;  Enabled
        0;        1
        1;        1
        2;        1
        3;        1
        4;        1
        5;        1
        6;        1
        7;        1
        8;        1
        9;        1
       10;        1
       11;        1
       12;        1
       13;        1
       14;        1
       15;        1
       16;        1
       17;        1
       18;        1
       19;        1
       20;        1
       21;        1
       22;        1
       23;        1

NI BOARD; Dev0
  Channel;  Enabled;                          Label;      Min;      Max;       Scaling Params
        0;        1;                            eyo;     -1.0;      1.0;           (1.0, 0.0)
        1;        1;                           MOT1;     -1.0;      1.0;           (1.0, 0.0)
        2;        1;                           MOt3;     -1.0;      1.0;           (1.0, 0.0)
        3;        1;                            eyo;     -1.0;      1.0;           (1.0, 0.0)
        4;        1;                            eyo;     -1.0;      1.0;           (1.0, 0.0)
        5;        1;                            eyo;     -1.0;      1.0;           (1.0, 0.0)
        6;        0;                            eyo;     -1.0;      1.0;           (1.0, 0.0)
        7;        0;                            eyo;     -1.0;      1.0;           (1.0, 0.0)

NI BOARD; Dev1
  Channel;  Enabled;                          Label;      Min;      Max;       Scaling Params
        0;        1;                           MOT1;     -1.0;      1.0;           (1.0, 0.0)
        1;        1;                           MOT1;     -1.0;      1.0;           (1.0, 0.0)
        2;        0;                           MOT1;     -1.0;      1.0;           (1.0, 0.0)
        3;        1;                           MOT1;     -1.0;      1.0;           (1.0, 0.0)
        4;        1;                           MOT1;     -1.0;      1.0;           (1.0, 0.0)
        5;        0;                           MOT1;     -1.0;      1.0;           (1.0, 0.0)
        6;        0;                           MOT1;     -1.0;      1.0;           (1.0, 0.0)
        7;        0;                           MOT1;     -1.0;      1.0;           (1.0, 0.0)

NOVATECH; COM0
  Channel;  Enabled
        0;        1
        1;        1
        2;        0
        3;        0
