
PULSEBLASTER; 0
  Channel;  Enabled
        0;        1
        1;        0
        2;        0
        3;        0
        4;        0
        5;        0
        6;        0
        7;        0
        8;        0
        9;        0
       10;        0
       11;        0
       12;        0
       13;        0
       14;        0
       15;        0
       16;        0
       17;        0
       18;        0
       19;        0
       20;        0
       21;        0
       22;        0
       23;        0

NI BOARD; Dev1
  Channel;  Enabled;                          Label;      Min;      Max;       Scaling Params
        0;        1;                       Test out;     -1.0;      1.0;            (1.0,1.0)
        1;        0;                               ;     -1.0;      1.0;           (1.0, 0.0)
        2;        0;                               ;     -1.0;      1.0;           (1.0, 0.0)
        3;        0;                               ;     -1.0;      1.0;           (1.0, 0.0)
        4;        0;                               ;     -1.0;      1.0;           (1.0, 0.0)
        5;        0;                               ;     -1.0;      1.0;           (1.0, 0.0)
        6;        0;                               ;     -1.0;      1.0;           (1.0, 0.0)
        7;        0;                               ;     -1.0;      1.0;           (1.0, 0.0)

NOVATECH; COM0
  Channel;  Enabled
        0;        1
        1;        0
        2;        0
        3;        0
